0.537255 0.286275 0.254902
46.5687 -162.239 865
0.564706 0.298039 0.301961
50.8982 -161.677 862
0.572549 0.333333 0.305882
55.1322 -160.926 858
0.611765 0.388235 0.364706
59.4635 -160.551 856
0.654902 0.392157 0.34902
63.7739 -160.176 854
0.721569 0.411765 0.372549
68.2232 -160.176 854
0.741176 0.384314 0.368627
72.3322 -159.426 850
0.768628 0.419608 0.431373
76.9413 -159.801 852
0.819608 0.45098 0.498039
81.1892 -159.426 850
0.839216 0.470588 0.470588
85.4162 -159.051 848
0.827451 0.478431 0.466667
89.8343 -159.051 848
0.764706 0.4 0.501961
94.4747 -159.426 850
0.560784 0.254902 0.372549
98.9032 -159.426 850
0.392157 0.12549 0.313726
103.575 -159.801 852
0.294118 0.113725 0.317647
108.014 -159.801 852
0.411765 0.137255 0.396078
112.717 -160.176 854
0.666667 0.356863 0.47451
117.166 -160.176 854
0.745098 0.494118 0.501961
121.9 -160.551 856
0.431373 0.2 0.192157
37.8159 -158.827 871
0.431373 0.188235 0.207843
42.1593 -158.097 867
0.403922 0.14902 0.113725
46.5687 -157.733 865
0.380392 0.12549 0.00784314
50.8982 -157.186 862
0.384314 0.101961 0.0745098
55.1322 -156.456 858
0.388235 0.101961 0.00392157
59.4635 -156.092 856
0.45098 0.176471 0.196078
63.9232 -156.092 856
0.52549 0.258824 0.298039
68.2232 -155.727 854
0.666667 0.380392 0.345098
72.5024 -155.362 852
0.752941 0.376471 0.411765
76.9413 -155.362 852
0.831373 0.52549 0.419608
81.1892 -154.997 850
0.870588 0.498039 0.396078
85.6177 -154.997 850
0.733333 0.372549 0.376471
90.0462 -154.997 850
0.639216 0.243137 0.235294
94.4747 -154.997 850
0.572549 0.231373 0.172549
98.9032 -154.997 850
0.580392 0.262745 0.223529
103.575 -155.362 852
0.580392 0.309804 0.313726
108.267 -155.727 854
0.596078 0.321569 0.27451
112.717 -155.727 854
0.647059 0.368627 0.301961
117.166 -155.727 854
0.733333 0.423529 0.435294
121.9 -156.092 856
0.839216 0.556863 0.498039
126.95 -156.821 860
0.454902 0.156863 0.184314
33.6219 -155.883 880
0.498039 0.243137 0.196078
37.8159 -154.289 871
0.517647 0.223529 0.160784
42.1593 -153.58 867
0.509804 0.239216 0.160784
46.5687 -153.226 865
0.509804 0.235294 0.192157
50.8982 -152.695 862
0.458824 0.203922 0.141176
55.2607 -152.34 860
0.498039 0.180392 0.14902
59.6024 -151.986 858
0.498039 0.2 0.160784
63.9232 -151.632 856
0.513726 0.219608 0.235294
68.383 -151.632 856
0.54902 0.313726 0.290196
72.6726 -151.278 854
0.729412 0.392157 0.384314
76.9413 -150.923 852
0.917647 0.545098 0.498039
81.1892 -150.569 850
0.913726 0.541176 0.505882
85.6177 -150.569 850
0.890196 0.47451 0.403922
90.4699 -151.278 854
0.717647 0.376471 0.301961
94.9193 -151.278 854
0.662745 0.262745 0.262745
99.3686 -151.278 854
0.482353 0.121569 0.2
104.061 -151.632 856
0.517647 0.223529 0.278431
108.521 -151.632 856
0.580392 0.376471 0.290196
112.981 -151.632 856
0.607843 0.329412 0.317647
117.44 -151.632 856
0.545098 0.231373 0.282353
122.185 -151.986 858
0.737255 0.419608 0.462745
127.246 -152.695 862
0.521569 0.196078 0.164706
33.6219 -151.298 880
0.521569 0.231373 0.196078
37.9027 -150.095 873
0.431373 0.164706 0.121569
42.2566 -149.407 869
0.392157 0.141176 0.180392
46.6764 -149.063 867
0.368627 0.145098 0.172549
51.0754 -148.719 865
0.368627 0.176471 0.211765
55.582 -148.719 865
0.443137 0.180392 0.168627
59.8803 -148.204 862
0.458824 0.141176 0.0862745
64.2219 -147.86 860
0.470588 0.180392 0.188235
68.383 -147.172 856
0.533333 0.270588 0.254902
72.8427 -147.172 856
0.705882 0.380392 0.392157
76.9413 -146.484 852
0.952941 0.670588 0.631373
81.1892 -146.141 850
0.996078 0.67451 0.670588
85.6177 -146.141 850
0.878431 0.498039 0.431373
90.4699 -146.828 854
0.643137 0.282353 0.301961
95.1415 -147.172 856
0.545098 0.180392 0.231373
99.834 -147.516 858
0.541176 0.227451 0.215686
104.547 -147.86 860
0.427451 0.184314 0.109804
109.028 -147.86 860
0.388235 0.152941 0.301961
113.245 -147.516 858
0.564706 0.258824 0.278431
117.989 -147.86 860
0.52549 0.231373 0.239216
122.755 -148.204 862
0.545098 0.192157 0.227451
127.246 -148.204 862
0.560784 0.239216 0.227451
132.501 -149.063 867
0.458824 0.184314 0.192157
29.565 -149.381 896
0.498039 0.2 0.164706
33.6983 -147.047 882
0.454902 0.145098 0.133333
38.1198 -146.38 878
0.396078 0.117647 0.0705882
42.4511 -145.547 873
0.439216 0.243137 0.203922
46.8917 -145.213 871
0.494118 0.176471 0.184314
64.5953 -144.213 865
0.47451 0.145098 0.211765
68.8623 -143.713 862
0.482353 0.203922 0.203922
73.0129 -143.046 858
0.686275 0.376471 0.368627
77.1219 -142.379 854
0.964706 0.662745 0.678431
81.1892 -141.712 850
0.996078 0.654902 0.666667
85.6177 -141.712 850
0.847059 0.415686 0.439216
90.6818 -142.712 856
0.686275 0.333333 0.313726
95.3638 -143.046 858
0.541176 0.223529 0.262745
100.067 -143.379 860
0.67451 0.223529 0.192157
122.755 -143.713 862
0.556863 0.203922 0.239216
127.688 -144.213 865
0.505882 0.207843 0.223529
133.112 -145.213 871
0.466667 0.207843 0.196078
29.565 -144.713 896
0.490196 0.196078 0.160784
33.7747 -142.775 884
0.466667 0.156863 0.0862745
38.2935 -142.452 882
0.466667 0.184314 0.231373
42.7915 -142.129 880
0.584314 0.34902 0.462745
60.3665 -140.352 869
0.501961 0.0941177 0.137255
64.894 -140.352 869
0.478431 0.196078 0.109804
69.102 -139.706 865
0.462745 0.215686 0.137255
73.0129 -138.576 858
0.666667 0.321569 0.388235
76.9413 -137.607 852
0.976471 0.658824 0.670588
80.9981 -136.96 848
0.996078 0.647059 0.658824
85.6177 -137.283 850
0.854902 0.490196 0.513726
90.6818 -138.253 856
0.815686 0.454902 0.313726
95.3638 -138.576 858
0.635294 0.298039 0.309804
100.649 -139.706 865
0.647059 0.333333 0.270588
105.155 -139.706 865
0.541176 0.294118 0.262745
109.662 -139.706 865
0.54902 0.239216 0.239216
113.773 -139.222 862
0.792157 0.611765 0.556863
118.675 -139.706 865
0.745098 0.392157 0.443137
123.467 -140.029 867
0.721569 0.345098 0.313726
128.574 -140.675 871
0.517647 0.192157 0.231373
133.723 -141.321 875
0.458824 0.25098 0.188235
138.282 -141.321 875
0.431373 0.207843 0.14902
25.0914 -141.139 903
0.494118 0.207843 0.176471
29.565 -140.045 896
0.513726 0.211765 0.254902
33.9657 -138.951 889
0.517647 0.176471 0.196078
38.3803 -138.169 884
0.482353 0.172549 0.215686
42.6942 -137.231 878
0.486275 0.215686 0.172549
46.9994 -136.45 873
0.494118 0.207843 0.141176
51.4296 -136.137 871
0.545098 0.262745 0.239216
55.9676 -136.137 871
0.552941 0.231373 0.27451
60.5055 -136.137 871
0.52549 0.219608 0.188235
64.894 -135.825 869
0.486275 0.219608 0.192157
69.102 -135.199 865
0.537255 0.207843 0.141176
72.8427 -133.793 856
0.658824 0.352941 0.345098
76.3091 -132.074 845
0.964706 0.623529 0.666667
80.3295 -131.448 841
0.996078 0.643137 0.615686
85.114 -132.074 845
0.996078 0.580392 0.584314
90.4699 -133.48 854
0.862745 0.52549 0.407843
95.3638 -134.105 858
0.666667 0.329412 0.360784
100.649 -135.199 865
0.654902 0.305882 0.317647
105.155 -135.199 865
0.643137 0.313726 0.286275
109.662 -135.199 865
0.670588 0.301961 0.329412
113.773 -134.731 862
0.796079 0.431373 0.454902
118.675 -135.199 865
0.870588 0.564706 0.447059
124.036 -136.137 871
0.85098 0.439216 0.376471
128.869 -136.45 873
0.654902 0.345098 0.137255
133.723 -136.762 875
0.482353 0.164706 0.168627
138.282 -136.762 875
0.458824 0.215686 0.172549
25.0914 -136.434 903
0.52549 0.239216 0.207843
29.565 -135.377 896
0.556863 0.262745 0.219608
33.9657 -134.319 889
0.552941 0.282353 0.211765
38.3803 -133.564 884
0.545098 0.227451 0.243137
42.7915 -132.959 880
0.560784 0.247059 0.219608
47.1071 -132.204 875
0.572549 0.266667 0.215686
51.4296 -131.599 871
0.588235 0.290196 0.223529
55.9676 -131.599 871
0.560784 0.254902 0.231373
60.3665 -131.297 869
0.537255 0.215686 0.207843
64.7447 -130.995 867
0.537255 0.219608 0.215686
69.102 -130.693 865
0.564706 0.2 0.184314
72.8427 -129.333 856
0.658824 0.286275 0.333333
76.1285 -127.369 843
0.992157 0.686275 0.705882
80.1385 -126.765 839
0.988235 0.666667 0.631373
85.114 -127.671 845
0.996078 0.639216 0.682353
90.4699 -129.031 854
0.976471 0.627451 0.603922
95.3638 -129.635 858
0.854902 0.443137 0.380392
100.299 -130.24 862
0.721569 0.321569 0.380392
105.155 -130.693 865
0.733333 0.388235 0.439216
109.662 -130.693 865
0.811765 0.501961 0.435294
114.168 -130.693 865
0.937255 0.54902 0.619608
118.675 -130.693 865
0.956863 0.607843 0.662745
123.467 -130.995 867
0.933333 0.556863 0.505882
128.574 -131.599 871
0.811765 0.403922 0.243137
134.182 -132.657 878
0.52549 0.180392 0.0784314
138.756 -132.657 878
0.494118 0.235294 0.184314
25.0914 -131.73 903
0.556863 0.266667 0.211765
29.499 -130.417 894
0.603922 0.298039 0.227451
33.9657 -129.687 889
0.603922 0.290196 0.247059
38.2935 -128.666 882
0.615686 0.301961 0.266667
42.6942 -128.083 878
0.635294 0.309804 0.27451
46.9994 -127.353 873
0.639216 0.32549 0.286275
51.4296 -127.061 871
0.611765 0.286275 0.262745
55.9676 -127.061 871
0.584314 0.235294 0.219608
60.3665 -126.77 869
0.572549 0.235294 0.2
64.5953 -126.186 865
0.560784 0.243137 0.172549
68.8623 -125.749 862
0.584314 0.231373 0.113725
72.6726 -124.582 854
0.690196 0.270588 0.431373
76.3091 -123.269 845
0.984314 0.643137 0.670588
80.1385 -122.393 839
0.992157 0.678431 0.686275
84.7111 -122.685 841
0.992157 0.658824 0.670588
90.4699 -124.582 854
0.996078 0.662745 0.670588
95.1415 -124.873 856
0.976471 0.647059 0.666667
100.299 -125.749 862
0.878431 0.47451 0.388235
105.155 -126.186 865
0.796079 0.4 0.415686
109.662 -126.186 865
0.819608 0.482353 0.509804
114.168 -126.186 865
0.952941 0.568627 0.6
118.675 -126.186 865
0.980392 0.619608 0.619608
123.467 -126.478 867
0.996078 0.654902 0.65098
128.574 -127.061 871
0.984314 0.635294 0.517647
133.723 -127.645 875
0.752941 0.258824 0.109804
138.756 -128.083 878
0.47451 0.227451 0.184314
25.0914 -127.025 903
0.552941 0.270588 0.192157
29.499 -125.759 894
0.607843 0.305882 0.262745
33.9657 -125.056 889
0.647059 0.317647 0.262745
38.2935 -124.071 882
0.666667 0.305882 0.309804
42.6942 -123.508 878
0.670588 0.313726 0.32549
46.9994 -122.805 873
0.654902 0.305882 0.286275
51.4296 -122.524 871
0.627451 0.211765 0.298039
55.9676 -122.524 871
0.607843 0.25098 0.282353
60.3665 -122.242 869
0.588235 0.270588 0.176471
64.5953 -121.68 865
0.541176 0.239216 0.207843
68.7025 -120.976 860
0.576471 0.227451 0.301961
72.162 -119.288 848
0.752941 0.447059 0.419608
75.9479 -118.303 841
0.905882 0.6 0.627451
80.1385 -118.022 839
0.992157 0.701961 0.745098
84.7111 -118.303 841
0.992157 0.658824 0.662745
90.0462 -119.569 850
0.996078 0.619608 0.647059
95.1415 -120.414 856
0.996078 0.639216 0.65098
100.067 -120.976 860
0.976471 0.611765 0.635294
105.155 -121.68 865
0.909804 0.54902 0.54902
109.662 -121.68 865
0.901961 0.513726 0.521569
114.168 -121.68 865
0.952941 0.517647 0.552941
118.675 -121.68 865
0.972549 0.603922 0.701961
123.467 -121.961 867
0.996078 0.670588 0.741176
128.279 -122.242 869
0.996078 0.666667 0.658824
133.418 -122.805 873
0.933333 0.427451 0.384314
138.282 -123.086 875
0.470588 0.223529 0.184314
25.0914 -122.32 903
0.537255 0.239216 0.219608
29.4 -120.695 891
0.592157 0.294118 0.305882
33.7747 -119.747 884
0.647059 0.301961 0.254902
38.2067 -119.205 880
0.690196 0.333333 0.309804
42.6942 -118.934 878
0.686275 0.337255 0.329412
46.9994 -118.257 873
0.698039 0.333333 0.321569
51.4296 -117.986 871
0.666667 0.313726 0.262745
55.9676 -117.986 871
0.643137 0.301961 0.235294
60.3665 -117.715 869
0.592157 0.254902 0.164706
64.5953 -117.173 865
0.529412 0.215686 0.192157
68.5428 -116.225 858
0.627451 0.305882 0.254902
71.7365 -114.193 843
0.776471 0.427451 0.372549
75.7673 -113.651 839
0.901961 0.529412 0.576471
79.9474 -113.38 837
0.996078 0.823529 0.756863
84.3082 -113.38 837
0.992157 0.682353 0.662745
89.5165 -114.464 845
0.964706 0.6 0.584314
94.9193 -115.683 854
0.964706 0.541176 0.607843
99.834 -116.225 858
0.976471 0.615686 0.623529
104.79 -116.767 862
0.956863 0.541176 0.564706
109.662 -117.173 865
0.945098 0.533333 0.545098
114.168 -117.173 865
0.952941 0.537255 0.568627
118.675 -117.173 865
0.976471 0.564706 0.533333
123.467 -117.444 867
0.996078 0.619608 0.65098
128.279 -117.715 869
0.996078 0.639216 0.639216
133.112 -117.986 871
0.988235 0.545098 0.407843
138.282 -118.527 875
0.447059 0.203922 0.192157
25.0358 -117.355 901
0.529412 0.227451 0.223529
29.4 -116.053 891
0.580392 0.247059 0.235294
33.6983 -114.881 882
0.619608 0.290196 0.215686
38.1198 -114.359 878
0.670588 0.309804 0.270588
42.5483 -113.969 875
0.682353 0.341176 0.298039
46.8917 -113.448 871
0.686275 0.333333 0.32549
51.4296 -113.448 871
0.678431 0.32549 0.262745
55.839 -113.187 869
0.662745 0.294118 0.231373
60.0887 -112.666 865
0.603922 0.247059 0.188235
64.3713 -112.275 862
0.568627 0.215686 0.203922
68.8623 -112.275 862
0.560784 0.219608 0.164706
71.5663 -109.54 841
0.745098 0.360784 0.364706
75.7673 -109.28 839
0.803922 0.384314 0.45098
79.9474 -109.019 837
0.929412 0.541176 0.615686
84.3082 -109.019 837
0.913726 0.619608 0.65098
89.0927 -109.54 841
0.941177 0.584314 0.623529
94.4747 -110.713 850
0.890196 0.458824 0.447059
100.067 -112.015 860
0.929412 0.529412 0.560784
104.79 -112.275 862
0.952941 0.54902 0.545098
109.662 -112.666 865
0.94902 0.529412 0.568627
114.168 -112.666 865
0.94902 0.529412 0.580392
118.675 -112.666 865
0.968628 0.54902 0.537255
123.182 -112.666 865
0.996078 0.619608 0.623529
127.984 -112.927 867
0.996078 0.611765 0.6
133.112 -113.448 871
0.964706 0.619608 0.478431
138.756 -114.359 878
0.435294 0.164706 0.152941
26.6196 -119.788 958
0.517647 0.211765 0.203922
29.4 -111.411 891
0.572549 0.227451 0.27451
33.7747 -110.535 884
0.615686 0.282353 0.231373
38.1198 -109.785 878
0.639216 0.298039 0.266667
42.5483 -109.41 875
0.662745 0.329412 0.294118
46.9994 -109.16 873
0.694118 0.341176 0.329412
51.4296 -108.91 871
0.682353 0.32549 0.278431
55.839 -108.66 869
0.662745 0.301961 0.262745
60.0887 -108.16 865
0.639216 0.247059 0.184314
64.3713 -107.784 862
0.545098 0.168627 0.176471
68.5428 -107.284 858
0.482353 0.160784 0.145098
72.162 -106.034 848
0.658824 0.278431 0.294118
75.7673 -104.909 839
0.737255 0.345098 0.329412
79.9474 -104.658 837
0.760784 0.345098 0.337255
84.3082 -104.658 837
0.643137 0.215686 0.368627
89.0927 -105.159 841
0.878431 0.490196 0.564706
94.4747 -106.284 850
0.909804 0.494118 0.482353
99.834 -107.284 858
0.905882 0.494118 0.501961
104.79 -107.784 862
0.92549 0.533333 0.529412
109.281 -107.784 862
0.952941 0.517647 0.588235
114.168 -108.16 865
0.945098 0.529412 0.54902
118.675 -108.16 865
0.960784 0.505882 0.584314
123.182 -108.16 865
0.988235 0.596078 0.584314
128.279 -108.66 869
0.992157 0.584314 0.564706
133.418 -109.16 873
0.929412 0.454902 0.388235
139.072 -110.035 880
0.447059 0.172549 0.160784
24.7023 -106.529 889
0.501961 0.2 0.196078
29.4 -106.769 891
0.545098 0.231373 0.211765
33.8893 -106.289 887
0.588235 0.262745 0.243137
38.2067 -105.45 880
0.623529 0.298039 0.258824
42.5483 -104.851 875
0.654902 0.305882 0.286275
46.8917 -104.372 871
0.67451 0.329412 0.321569
51.3116 -104.132 869
0.686275 0.329412 0.294118
55.839 -104.132 869
0.666667 0.313726 0.27451
60.0887 -103.653 865
0.635294 0.282353 0.227451
64.3713 -103.293 862
0.556863 0.207843 0.215686
68.7025 -103.054 860
0.537255 0.192157 0.184314
72.8427 -102.574 856
0.584314 0.247059 0.254902
77.1219 -102.335 854
0.737255 0.372549 0.341176
80.9981 -101.616 848
0.898039 0.580392 0.517647
84.7111 -100.777 841
0.933333 0.631373 0.564706
90.6818 -102.574 856
0.976471 0.643137 0.6
95.1415 -102.574 856
0.941177 0.6 0.596078
100.299 -103.293 862
0.901961 0.45098 0.388235
104.79 -103.293 862
0.952941 0.572549 0.556863
109.662 -103.653 865
0.94902 0.54902 0.545098
114.168 -103.653 865
0.956863 0.54902 0.517647
118.675 -103.653 865
0.976471 0.556863 0.564706
123.182 -103.653 865
0.996078 0.607843 0.619608
128.279 -104.132 869
0.980392 0.560784 0.568627
133.723 -104.851 875
0.768628 0.423529 0.329412
139.072 -105.45 880
0.486275 0.188235 0.180392
29.499 -102.47 894
0.533333 0.196078 0.219608
33.9657 -101.897 889
0.576471 0.254902 0.227451
38.2067 -100.866 880
0.603922 0.294118 0.254902
42.5483 -100.292 875
0.635294 0.313726 0.239216
46.8917 -99.834 871
0.662745 0.329412 0.32549
51.3116 -99.6048 869
0.678431 0.313726 0.301961
55.7105 -99.3755 867
0.647059 0.317647 0.27451
60.0887 -99.1463 865
0.619608 0.27451 0.231373
64.3713 -98.8024 862
0.580392 0.254902 0.211765
68.7025 -98.5732 860
0.6 0.243137 0.25098
72.8427 -98.1147 856
0.666667 0.360784 0.329412
77.1219 -97.8855 854
0.764706 0.435294 0.396078
81.5712 -97.8855 854
0.933333 0.6 0.611765
86.0206 -97.8855 854
0.996078 0.65098 0.658824
90.8937 -98.344 858
0.996078 0.615686 0.603922
95.3638 -98.344 858
0.996078 0.623529 0.631373
100.299 -98.8024 862
0.960784 0.564706 0.486275
104.79 -98.8024 862
0.960784 0.552941 0.54902
109.662 -99.1463 865
0.972549 0.588235 0.572549
114.168 -99.1463 865
0.972549 0.54902 0.552941
118.675 -99.1463 865
0.984314 0.54902 0.576471
123.467 -99.3755 867
0.992157 0.596078 0.552941
128.574 -99.834 871
0.960784 0.588235 0.572549
134.182 -100.636 878
0.521569 0.211765 0.192157
33.9657 -97.2655 889
0.556863 0.235294 0.2
38.2935 -96.4996 882
0.6 0.254902 0.235294
42.6942 -96.062 878
0.611765 0.282353 0.266667
46.9994 -95.5149 873
0.639216 0.298039 0.286275
51.4296 -95.2961 871
0.666667 0.32549 0.266667
55.7105 -94.8585 867
0.619608 0.282353 0.282353
60.0887 -94.6396 865
0.607843 0.254902 0.262745
64.3713 -94.3114 862
0.603922 0.247059 0.27451
68.7025 -94.0926 860
0.619608 0.286275 0.313726
73.0129 -93.8738 858
0.713726 0.380392 0.337255
77.1219 -93.4361 854
0.752941 0.392157 0.411765
81.5712 -93.4361 854
0.85098 0.498039 0.52549
86.0206 -93.4361 854
0.917647 0.568627 0.588235
90.6818 -93.655 856
0.94902 0.584314 0.607843
95.1415 -93.655 856
0.964706 0.607843 0.627451
100.067 -94.0926 860
0.980392 0.635294 0.580392
104.79 -94.3114 862
0.968628 0.572549 0.576471
109.281 -94.3114 862
0.988235 0.6 0.588235
114.168 -94.6396 865
0.992157 0.619608 0.576471
118.675 -94.6396 865
0.988235 0.588235 0.588235
123.751 -95.0773 869
0.988235 0.572549 0.576471
128.869 -95.5149 873
0.956863 0.556863 0.580392
134.487 -96.2808 880
0.447059 0.180392 0.172549
29.565 -93.3632 896
0.505882 0.2 0.176471
34.0421 -92.8422 891
0.545098 0.219608 0.196078
38.5106 -92.4254 887
0.584314 0.254902 0.219608
42.6942 -91.4876 878
0.6 0.262745 0.231373
46.9994 -90.9666 873
0.619608 0.298039 0.227451
51.5477 -90.9666 873
0.627451 0.282353 0.239216
55.839 -90.5498 869
0.619608 0.278431 0.254902
60.0887 -90.133 865
0.584314 0.254902 0.219608
64.3713 -89.8204 862
0.623529 0.290196 0.247059
68.5428 -89.4036 858
0.643137 0.301961 0.333333
72.8427 -89.1952 856
0.780392 0.466667 0.384314
77.1219 -88.9868 854
0.8 0.419608 0.396078
81.5712 -88.9868 854
0.870588 0.552941 0.52549
85.8191 -88.7784 852
0.917647 0.580392 0.541176
90.4699 -88.9868 854
0.933333 0.572549 0.556863
95.1415 -89.1952 856
0.941177 0.560784 0.552941
99.834 -89.4036 858
0.952941 0.556863 0.564706
104.79 -89.8204 862
0.960784 0.576471 0.584314
109.281 -89.8204 862
0.992157 0.596078 0.6
114.168 -90.133 865
0.996078 0.603922 0.607843
119.224 -90.5498 869
0.996078 0.576471 0.584314
124.036 -90.7582 871
0.996078 0.568627 0.584314
129.165 -91.175 875
0.992157 0.603922 0.6
135.099 -92.1128 884
0.345098 0.0470588 0.156863
29.73 -89.19 901
0.501961 0.203922 0.172549
34.3096 -88.893 898
0.537255 0.211765 0.180392
38.5974 -88.0021 889
0.564706 0.235294 0.258824
42.8887 -87.3092 882
0.592157 0.235294 0.227451
47.1071 -86.6162 875
0.607843 0.254902 0.219608
51.4296 -86.2203 871
0.615686 0.27451 0.247059
55.839 -86.0223 869
0.611765 0.266667 0.290196
60.0887 -85.6264 865
0.611765 0.25098 0.258824
64.3713 -85.3294 862
0.592157 0.27451 0.207843
68.5428 -84.9334 858
0.568627 0.290196 0.235294
72.6726 -84.5375 854
0.588235 0.14902 0.290196
77.1219 -84.5375 854
0.639216 0.321569 0.341176
81.5712 -84.5375 854
0.643137 0.137255 0.34902
86.0206 -84.5375 854
0.717647 0.32549 0.529412
90.4699 -84.5375 854
0.811765 0.466667 0.623529
95.1415 -84.7354 856
0.862745 0.564706 0.529412
99.6013 -84.7354 856
0.807843 0.439216 0.423529
104.547 -85.1314 860
0.952941 0.584314 0.537255
109.281 -85.3294 862
0.984314 0.564706 0.533333
114.168 -85.6264 865
0.996078 0.576471 0.572549
119.224 -86.0223 869
0.996078 0.592157 0.494118
124.321 -86.4183 873
0.996078 0.615686 0.615686
129.165 -86.6162 875
0.972549 0.65098 0.647059
136.169 -88.2001 891
0.501961 0.168627 0.176471
34.4242 -84.4958 901
0.564706 0.180392 0.160784
38.6842 -83.558 891
0.552941 0.2 0.196078
42.986 -82.9015 884
0.611765 0.203922 0.172549
47.2686 -82.3388 878
0.592157 0.247059 0.168627
51.4296 -81.6824 871
0.603922 0.262745 0.223529
55.839 -81.4948 869
0.564706 0.176471 0.192157
60.0887 -81.1197 865
0.470588 0.113725 0.156863
64.3713 -80.8384 862
0.52549 0.129412 0.231373
68.5428 -80.4632 858
0.54902 0.152941 0.203922
72.8427 -80.2757 856
0.627451 0.298039 0.278431
77.1219 -80.0881 854
0.752941 0.227451 0.266667
81.5712 -80.0881 854
0.788235 0.321569 0.376471
86.0206 -80.0881 854
0.878431 0.376471 0.376471
90.4699 -80.0881 854
0.815686 0.168627 0.309804
95.1415 -80.2757 856
0.729412 0.278431 0.313726
99.834 -80.4632 858
0.682353 0.215686 0.184314
104.79 -80.8384 862
0.87451 0.52549 0.454902
109.662 -81.1197 865
0.972549 0.607843 0.576471
114.432 -81.3073 867
0.988235 0.576471 0.584314
119.498 -81.6824 871
0.992157 0.576471 0.568627
124.321 -81.8699 873
0.996078 0.592157 0.592157
129.903 -82.5264 880
0.913726 0.666667 0.509804
136.169 -83.558 891
0.435294 0.207843 0.14902
34.577 -80.1558 905
0.537255 0.196078 0.211765
38.9013 -79.3587 896
0.537255 0.196078 0.2
43.1319 -78.5616 887
0.556863 0.219608 0.247059
47.3763 -77.9416 880
0.588235 0.243137 0.180392
51.4296 -77.1445 871
0.592157 0.243137 0.184314
55.839 -76.9673 869
0.564706 0.207843 0.184314
60.2276 -76.7902 867
0.568627 0.235294 0.203922
64.3713 -76.3473 862
0.6 0.227451 0.239216
68.7025 -76.1702 860
0.654902 0.262745 0.27451
73.0129 -75.9931 858
0.745098 0.282353 0.313726
77.3025 -75.8159 856
0.74902 0.341176 0.403922
81.7623 -75.8159 856
0.819608 0.443137 0.423529
86.0206 -75.6388 854
0.94902 0.545098 0.584314
90.6818 -75.8159 856
0.988235 0.6 0.615686
95.3638 -75.9931 858
0.996078 0.603922 0.603922
100.299 -76.3473 862
0.854902 0.403922 0.352941
105.155 -76.6131 865
0.803922 0.435294 0.419608
109.915 -76.7902 867
0.94902 0.54902 0.552941
114.696 -76.9673 869
0.972549 0.572549 0.556863
119.773 -77.3216 873
0.984314 0.576471 0.537255
124.606 -77.4987 875
0.972549 0.627451 0.65098
130.493 -78.2959 884
0.337255 0.12549 0.164706
36.2963 -79.192 950
0.54902 0.192157 0.14902
39.1184 -75.1074 901
0.564706 0.192157 0.156863
43.3264 -74.2738 891
0.552941 0.203922 0.160784
47.4839 -73.5235 882
0.564706 0.219608 0.180392
51.843 -73.1901 878
0.603922 0.231373 0.172549
56.0961 -72.7733 873
0.576471 0.243137 0.113725
60.5055 -72.6066 871
0.596078 0.223529 0.203922
64.5953 -72.1064 865
0.615686 0.231373 0.239216
68.8623 -71.8563 862
0.705882 0.258824 0.270588
73.0129 -71.5229 858
0.670588 0.262745 0.227451
77.3025 -71.3562 856
0.666667 0.243137 0.298039
81.7623 -71.3562 856
0.729412 0.34902 0.341176
86.222 -71.3562 856
0.843137 0.470588 0.470588
90.6818 -71.3562 856
0.909804 0.556863 0.52549
95.1415 -71.3562 856
0.941177 0.545098 0.541176
100.067 -71.6896 860
0.913726 0.494118 0.478431
105.155 -72.1064 865
0.905882 0.462745 0.458824
109.915 -72.2731 867
0.929412 0.494118 0.482353
114.696 -72.4398 869
0.945098 0.509804 0.517647
119.773 -72.7733 873
0.960784 0.584314 0.521569
125.318 -73.3568 880
0.996078 0.564706 0.52549
131.231 -74.107 889
0.415686 0.192157 0.156863
39.2052 -70.5695 903
0.545098 0.180392 0.172549
43.4722 -69.8661 894
0.54902 0.176471 0.176471
47.5916 -69.0846 884
0.545098 0.180392 0.196078
51.9611 -68.772 880
0.556863 0.196078 0.164706
56.0961 -68.2249 873
0.568627 0.2 0.203922
60.5055 -68.0686 871
0.584314 0.219608 0.176471
64.7447 -67.7561 867
0.607843 0.243137 0.152941
68.8623 -67.3653 862
0.627451 0.25098 0.117647
73.1831 -67.209 860
0.662745 0.27451 0.141176
77.3025 -66.8964 856
0.686275 0.262745 0.239216
81.7623 -66.8964 856
0.694118 0.266667 0.321569
86.222 -66.8964 856
0.74902 0.345098 0.329412
90.6818 -66.8964 856
0.85098 0.454902 0.447059
95.3638 -67.0527 858
0.878431 0.466667 0.435294
100.067 -67.209 860
0.886275 0.498039 0.486275
105.155 -67.5997 865
0.905882 0.498039 0.470588
110.169 -67.9123 869
0.898039 0.486275 0.431373
114.96 -68.0686 871
0.901961 0.501961 0.490196
120.733 -68.772 880
0.909804 0.541176 0.588235
126.315 -69.319 887
0.462745 0.203922 0.12549
43.5695 -65.3542 896
0.521569 0.180392 0.121569
47.8608 -64.8437 889
0.513726 0.2 0.203922
52.0792 -64.3331 882
0.552941 0.192157 0.0784314
56.2246 -63.8225 875
0.560784 0.231373 0.203922
60.6444 -63.6766 873
0.576471 0.215686 0.145098
64.894 -63.3849 869
0.611765 0.227451 0.219608
68.8623 -62.8743 862
0.631373 0.278431 0.196078
73.3533 -62.8743 862
0.666667 0.313726 0.239216
77.6637 -62.7284 860
0.792157 0.352941 0.290196
81.9533 -62.5825 858
0.811765 0.360784 0.329412
86.6249 -62.7284 860
0.839216 0.431373 0.4
90.8937 -62.5825 858
0.85098 0.494118 0.435294
95.5861 -62.7284 860
0.878431 0.478431 0.462745
100.299 -62.8743 862
0.905882 0.498039 0.533333
105.398 -63.239 867
0.917647 0.509804 0.482353
110.422 -63.5307 871
0.894118 0.505882 0.439216
115.488 -63.8225 875
0.905882 0.509804 0.447059
121.693 -64.6978 887
0.6 0.333333 0.262745
126.6 -64.8437 889
0.470588 0.164706 0.14902
48.2377 -60.6861 896
0.513726 0.168627 0.180392
52.6106 -60.3474 891
0.533333 0.2 0.121569
56.6744 -59.7379 882
0.564706 0.211765 0.168627
60.7833 -59.2637 875
0.584314 0.192157 0.215686
65.1927 -59.1283 873
0.607843 0.270588 0.215686
69.4215 -58.8574 869
0.65098 0.25098 0.254902
73.6086 -58.5864 865
0.729412 0.345098 0.301961
77.8443 -58.3833 862
0.784314 0.384314 0.407843
82.3354 -58.3833 862
0.882353 0.494118 0.482353
86.8264 -58.3833 862
0.905882 0.556863 0.529412
91.3174 -58.3833 862
0.945098 0.537255 0.568627
95.8084 -58.3833 862
0.913726 0.509804 0.478431
100.649 -58.5864 865
0.92549 0.509804 0.529412
105.641 -58.8574 869
0.901961 0.533333 0.411765
110.93 -59.2637 875
0.835294 0.45098 0.447059
116.412 -59.7379 882
0.65098 0.2 0.309804
121.968 -60.212 889
0.482353 0.156863 0.180392
52.7877 -55.8929 894
0.52549 0.160784 0.152941
56.9957 -55.4552 887
0.552941 0.196078 0.184314
61.1307 -55.0176 880
0.580392 0.223529 0.203922
65.1927 -54.58 873
0.611765 0.227451 0.211765
69.5813 -54.4549 871
0.654902 0.262745 0.262745
73.7788 -54.2048 867
0.717647 0.317647 0.301961
78.1153 -54.0798 865
0.772549 0.341176 0.356863
82.3354 -53.8922 862
0.831373 0.423529 0.439216
86.8264 -53.8922 862
0.878431 0.529412 0.482353
91.3174 -53.8922 862
0.921569 0.509804 0.466667
95.8084 -53.8922 862
0.913726 0.486275 0.45098
100.881 -54.2048 867
0.862745 0.427451 0.4
105.885 -54.4549 871
0.780392 0.396078 0.333333
111.31 -54.8926 878
0.545098 0.176471 0.164706
61.2696 -50.5474 882
0.588235 0.160784 0.172549
65.3421 -50.1462 875
0.607843 0.184314 0.180392
69.5813 -49.917 871
0.635294 0.192157 0.196078
73.949 -49.8024 869
0.682353 0.286275 0.215686
78.1153 -49.5732 865
0.733333 0.321569 0.294118
82.6219 -49.5732 865
0.772549 0.356863 0.376471
86.8264 -49.4012 862
0.823529 0.427451 0.360784
91.3174 -49.4012 862
0.831373 0.403922 0.439216
96.1419 -49.5732 865
0.792157 0.419608 0.313726
101.114 -49.8024 869
0.713726 0.309804 0.317647
106.128 -50.0316 873
0.588235 0.184314 0.160784
69.5813 -45.3791 871
0.627451 0.2 0.152941
73.7788 -45.1707 867
0.643137 0.227451 0.184314
78.1153 -45.0665 865
0.67451 0.258824 0.207843
82.6219 -45.0665 865
0.713726 0.247059 0.235294
87.1286 -45.0665 865
0.67451 0.266667 0.192157
91.6352 -45.0665 865
0.666667 0.254902 0.184314
96.5864 -45.2749 869
